10, 5, 70, 15, 0, fitness_puntos, seleccion_por_cantidad, 0.2, crossover_BLOQUES, mutacion_A, 0.4, 36, 16.6667, 7.15808, -0.084689, -0.0531518, 0.468476, -0.924036, -0.47825, -0.868208, -0.148294, -0.748653, 0.313192, -0.876879, 0.987481, 0.0192872, 0.941803, 0.565571, -0.269293, 0.49215, 0.350975, 0.748803, 0.855279, -0.964175, 0.19701, -0.853183, -0.246875, -0.990303, 0.118887, -0.548252, 0.180096, 0.903291, 0.832632, 0.363167
10, 5, 70, 15, 1, fitness_puntos, seleccion_por_cantidad, 0.2, crossover_BLOQUES, mutacion_A, 0.4, 34, 18.0714, 11.6319, 0.578543, 0.399954, -0.129921, 0.093134, -0.234635, -0.564671, 0.823159, -0.359372, -0.166498, -0.0322523, -0.597406, 0.38445, -0.189801, 0.555256, -0.914365, -0.204604, 0.949928, 0.15304, -0.992783, -0.545981, 0.882342, -0.696775, 0.229598, -0.0830677, 0.486937, -0.299712, 0.327043, 0.931617, 0.826472, 0.431758
10, 5, 70, 15, 2, fitness_puntos, seleccion_por_cantidad, 0.2, crossover_BLOQUES, mutacion_A, 0.4, 33, 17.7143, 9.85611, 0.578543, 0.399954, -0.129921, 0.093134, -0.234635, -0.564671, 0.823159, -0.359372, -0.166498, -0.0322523, -0.597406, 0.38445, -0.189801, 0.555256, -0.914365, -0.204604, 0.949928, 0.15304, -0.992783, -0.545981, 0.882342, -0.696775, 0.229598, -0.0830677, 0.486937, -0.299712, 0.327043, 0.931617, 0.826472, 0.431758
10, 5, 70, 15, 3, fitness_puntos, seleccion_por_cantidad, 0.2, crossover_BLOQUES, mutacion_A, 0.4, 29, 17.1429, 8.6723, -0.084689, -0.0531518, 0.468476, -0.924036, -0.47825, -0.868208, 0.823159, -0.359372, 0.313192, -0.876879, 0.987481, 0.0192872, 0.941803, 0.565571, -0.914365, -0.204604, 0.949928, 0.15304, -0.992783, -0.545981, 0.19701, -0.853183, -0.246875, -0.990303, 0.118887, -0.548252, 0.327043, 0.931617, 0.826472, 0.431758
10, 5, 70, 15, 4, fitness_puntos, seleccion_por_cantidad, 0.2, crossover_BLOQUES, mutacion_A, 0.4, 35, 17.3571, 9.47553, -0.084689, -0.0531518, 0.468476, -0.924036, -0.47825, -0.868208, 0.823159, -0.359372, 0.313192, -0.876879, 0.987481, 0.0192872, 0.941803, 0.565571, -0.269293, 0.49215, 0.350975, 0.748803, 0.855279, -0.964175, 0.882342, -0.696775, 0.229598, -0.0830677, 0.486937, -0.299712, 0.180096, 0.903291, 0.832632, 0.363167
10, 5, 70, 15, 5, fitness_puntos, seleccion_por_cantidad, 0.2, crossover_BLOQUES, mutacion_A, 0.4, 37, 18.5, 11.3256, -0.084689, -0.0531518, 0.468476, -0.924036, -0.47825, -0.868208, 0.0144077, -0.0280748, 0.313192, -0.876879, 0.987481, 0.0192872, 0.941803, 0.565571, -0.269293, 0.49215, 0.350975, 0.748803, 0.855279, -0.964175, 0.882342, -0.696775, 0.229598, -0.0830677, 0.486937, -0.299712, 0.180096, 0.903291, 0.832632, 0.363167
10, 5, 70, 15, 6, fitness_puntos, seleccion_por_cantidad, 0.2, crossover_BLOQUES, mutacion_A, 0.4, 27, 17.5, 9.65362, -0.084689, -0.0531518, 0.468476, -0.924036, -0.47825, -0.868208, 0.823159, -0.359372, 0.313192, -0.876879, 0.987481, 0.0192872, 0.941803, 0.565571, -0.269293, 0.49215, 0.350975, 0.748803, 0.855279, -0.964175, 0.882342, -0.696775, 0.229598, -0.0830677, 0.486937, -0.299712, 0.180096, 0.903291, 0.832632, 0.363167
10, 5, 70, 15, 7, fitness_puntos, seleccion_por_cantidad, 0.2, crossover_BLOQUES, mutacion_A, 0.4, 21, 15, 5.88348, -0.084689, -0.0531518, 0.468476, -0.924036, -0.47825, -0.868208, 0.823159, -0.359372, 0.313192, -0.876879, 0.987481, 0.0192872, 0.941803, 0.565571, -0.269293, 0.49215, 0.350975, 0.748803, 0.855279, -0.964175, 0.882342, -0.696775, 0.229598, -0.0830677, 0.486937, -0.299712, 0.180096, 0.903291, 0.832632, 0.363167
10, 5, 70, 15, 8, fitness_puntos, seleccion_por_cantidad, 0.2, crossover_BLOQUES, mutacion_A, 0.4, 23, 15.1429, 6.31064, -0.084689, -0.0531518, 0.468476, -0.924036, -0.47825, -0.868208, 0.823159, -0.359372, 0.313192, -0.876879, 0.987481, 0.0192872, 0.941803, 0.565571, -0.269293, 0.49215, 0.350975, 0.748803, 0.855279, -0.964175, 0.882342, -0.696775, 0.229598, -0.0830677, 0.486937, -0.299712, 0.180096, 0.903291, 0.832632, 0.363167
10, 5, 70, 15, 9, fitness_puntos, seleccion_por_cantidad, 0.2, crossover_BLOQUES, mutacion_A, 0.4, 25, 15.4286, 6.72211, -0.084689, -0.0531518, 0.468476, -0.924036, -0.47825, -0.868208, 0.0144077, -0.0280748, 0.313192, -0.876879, 0.987481, 0.0192872, 0.941803, 0.565571, -0.269293, 0.49215, 0.350975, 0.748803, 0.855279, -0.964175, 0.882342, -0.696775, 0.229598, -0.0830677, 0.486937, -0.299712, 0.180096, 0.903291, 0.832632, 0.363167
10, 5, 70, 15, 10, fitness_puntos, seleccion_por_cantidad, 0.2, crossover_BLOQUES, mutacion_A, 0.4, 39, 15.7857, 8.59498, -0.369997, 0.802934, 0.178559, 0.0994527, 0.944737, -0.306752, -0.524738, -0.478511, -0.555719, -0.0567719, -0.768833, -0.643713, -0.637377, -0.258543, -0.500897, 0.714734, -0.4495, -0.189673, -0.973863, 0.192182, 0.52564, -0.379284, -0.501827, 0.245994, 0.829283, -0.726445, 0.111922, 0.000962892, 0.180633, 0.449541
10, 5, 70, 15, 11, fitness_puntos, seleccion_por_cantidad, 0.2, crossover_BLOQUES, mutacion_A, 0.4, 37, 18, 10.7346, -0.369997, 0.802934, 0.178559, 0.0994527, 0.944737, -0.306752, -0.524738, -0.478511, -0.555719, -0.0567719, -0.768833, -0.643713, -0.637377, -0.258543, -0.500897, 0.714734, -0.4495, -0.189673, -0.973863, 0.192182, 0.52564, -0.379284, -0.501827, 0.245994, 0.829283, -0.726445, 0.111922, 0.000962892, 0.180633, 0.449541
10, 5, 70, 15, 12, fitness_puntos, seleccion_por_cantidad, 0.2, crossover_BLOQUES, mutacion_A, 0.4, 36, 18.6429, 11.0007, -0.369997, 0.802934, 0.178559, 0.0994527, 0.944737, -0.306752, -0.524738, -0.478511, -0.555719, -0.0567719, -0.768833, -0.643713, -0.637377, -0.258543, -0.500897, 0.714734, -0.4495, -0.189673, -0.973863, 0.192182, 0.52564, -0.379284, -0.501827, 0.245994, 0.829283, -0.726445, 0.111922, 0.000962892, 0.180633, 0.449541
10, 5, 70, 15, 13, fitness_puntos, seleccion_por_cantidad, 0.2, crossover_BLOQUES, mutacion_A, 0.4, 30, 17.5, 8.85568, -0.369997, 0.802934, 0.178559, 0.0994527, 0.944737, -0.306752, -0.524738, -0.478511, 0.313192, -0.876879, 0.987481, 0.0192872, 0.941803, 0.565571, -0.500897, 0.714734, -0.4495, -0.189673, -0.973863, 0.192182, 0.882342, -0.696775, 0.229598, -0.0830677, 0.486937, -0.299712, -0.908117, 0.215742, 0.726647, 0.632351
10, 5, 70, 15, 14, fitness_puntos, seleccion_por_cantidad, 0.2, crossover_BLOQUES, mutacion_A, 0.4, 33, 17.8571, 8.45674, -0.369997, 0.802934, 0.178559, 0.0994527, 0.944737, -0.306752, -0.524738, -0.478511, -0.555719, -0.0567719, -0.768833, -0.643713, -0.637377, -0.258543, -0.500897, 0.714734, -0.4495, -0.189673, -0.973863, 0.192182, 0.882342, -0.696775, 0.229598, -0.0830677, 0.486937, -0.299712, 0.111922, 0.215742, 0.726647, 0.632351
10, 5, 70, 15, 15, fitness_puntos, seleccion_por_cantidad, 0.2, crossover_BLOQUES, mutacion_A, 0.4, 33, 16.4286, 9.04446, -0.369997, 0.802934, 0.178559, 0.0994527, 0.944737, -0.306752, -0.524738, -0.478511, -0.555719, -0.0567719, -0.768833, -0.643713, -0.637377, -0.258543, -0.500897, 0.714734, -0.4495, -0.189673, -0.973863, 0.192182, 0.882342, -0.696775, 0.229598, -0.0830677, 0.486937, -0.299712, 0.111922, 0.215742, 0.726647, 0.632351
10, 5, 70, 15, 16, fitness_puntos, seleccion_por_cantidad, 0.2, crossover_BLOQUES, mutacion_A, 0.4, 29, 18.0714, 6.95551, -0.369997, 0.802934, 0.178559, 0.0994527, 0.944737, -0.306752, -0.524738, -0.478511, -0.555719, -0.0567719, -0.768833, -0.643713, -0.637377, -0.258543, -0.500897, 0.714734, -0.4495, -0.189673, -0.973863, 0.192182, 0.882342, -0.696775, 0.229598, -0.0830677, 0.486937, -0.299712, 0.111922, 0.215742, 0.726647, 0.632351
10, 5, 70, 15, 17, fitness_puntos, seleccion_por_cantidad, 0.2, crossover_BLOQUES, mutacion_A, 0.4, 39, 19.3571, 12.6406, -0.369997, 0.802934, 0.178559, 0.0994527, 0.944737, -0.306752, -0.524738, -0.478511, -0.555719, -0.0567719, -0.768833, -0.643713, -0.637377, -0.258543, -0.500897, 0.714734, -0.4495, -0.189673, -0.973863, 0.192182, 0.882342, -0.696775, 0.229598, -0.0830677, 0.486937, -0.299712, -0.908117, 0.215742, 0.726647, 0.632351
10, 5, 70, 15, 18, fitness_puntos, seleccion_por_cantidad, 0.2, crossover_BLOQUES, mutacion_A, 0.4, 39, 19.5, 12.5499, -0.369997, 0.802934, 0.178559, 0.0994527, 0.944737, -0.306752, -0.524738, -0.478511, -0.555719, -0.0567719, -0.768833, -0.643713, -0.637377, -0.258543, -0.500897, 0.714734, -0.4495, -0.189673, -0.973863, 0.192182, 0.882342, -0.696775, 0.229598, -0.0830677, 0.486937, -0.299712, -0.908117, 0.215742, 0.726647, 0.632351
10, 5, 70, 15, 19, fitness_puntos, seleccion_por_cantidad, 0.2, crossover_BLOQUES, mutacion_A, 0.4, 39, 19.4286, 12.6474, -0.369997, 0.802934, 0.178559, 0.0994527, 0.944737, -0.306752, -0.524738, -0.478511, -0.555719, -0.0567719, -0.768833, -0.643713, -0.637377, -0.258543, -0.500897, 0.714734, -0.4495, -0.189673, -0.973863, 0.192182, 0.882342, -0.696775, 0.229598, -0.0830677, 0.486937, -0.299712, -0.908117, 0.215742, 0.726647, 0.632351
10, 5, 70, 15, 20, fitness_puntos, seleccion_por_cantidad, 0.2, crossover_BLOQUES, mutacion_A, 0.4, 39, 19.5, 12.5499, -0.369997, 0.802934, 0.178559, 0.0994527, 0.944737, -0.306752, -0.524738, -0.478511, -0.555719, -0.0567719, -0.768833, -0.643713, -0.637377, -0.258543, -0.500897, 0.714734, -0.4495, -0.189673, -0.973863, 0.192182, 0.882342, -0.696775, 0.229598, -0.0830677, 0.486937, -0.299712, -0.908117, 0.215742, 0.726647, 0.632351
10, 5, 70, 15, 21, fitness_puntos, seleccion_por_cantidad, 0.2, crossover_BLOQUES, mutacion_A, 0.4, 39, 19.5, 12.5499, -0.602419, 0.772077, 0.635428, -0.646348, -0.647208, 0.332115, 0.454818, -0.967555, 0.680104, 0.142376, 0.977245, -0.837937, -0.935878, 0.481869, -0.777179, 0.715096, 0.874099, 0.3127, -0.645272, -0.787528, 0.21289, 0.72544, -0.544058, -0.403978, 0.621783, 0.84987, -0.263286, 0.360917, 0.546337, 0.0069126
10, 5, 70, 15, 22, fitness_puntos, seleccion_por_cantidad, 0.2, crossover_BLOQUES, mutacion_A, 0.4, 39, 19.2857, 12.4433, -0.602419, 0.772077, 0.635428, -0.646348, -0.647208, 0.332115, 0.454818, -0.967555, 0.680104, 0.142376, 0.977245, -0.837937, -0.935878, 0.481869, -0.777179, 0.715096, 0.874099, 0.3127, -0.645272, -0.787528, 0.21289, 0.72544, -0.544058, -0.403978, 0.621783, 0.84987, -0.263286, 0.360917, 0.546337, 0.0069126
10, 5, 70, 15, 23, fitness_puntos, seleccion_por_cantidad, 0.2, crossover_BLOQUES, mutacion_A, 0.4, 39, 18.7857, 11.4164, -0.602419, 0.772077, 0.635428, -0.646348, -0.647208, 0.332115, 0.454818, -0.967555, 0.680104, 0.142376, 0.977245, -0.837937, -0.935878, 0.481869, -0.777179, 0.715096, 0.874099, 0.3127, -0.645272, -0.787528, 0.21289, 0.72544, -0.544058, -0.403978, 0.621783, 0.84987, -0.263286, 0.360917, 0.546337, 0.0069126
10, 5, 70, 15, 24, fitness_puntos, seleccion_por_cantidad, 0.2, crossover_BLOQUES, mutacion_A, 0.4, 39, 18.7143, 11.8998, -0.602419, 0.772077, 0.635428, -0.646348, -0.647208, 0.332115, 0.454818, -0.967555, 0.680104, 0.142376, 0.977245, -0.837937, -0.935878, 0.481869, -0.777179, 0.715096, 0.874099, 0.3127, -0.645272, -0.787528, 0.21289, 0.72544, -0.544058, -0.403978, 0.621783, 0.84987, -0.263286, 0.360917, 0.546337, 0.0069126
10, 5, 70, 15, 25, fitness_puntos, seleccion_por_cantidad, 0.2, crossover_BLOQUES, mutacion_A, 0.4, 37, 19.2857, 12.0027, -0.602419, 0.772077, 0.635428, -0.646348, -0.647208, 0.332115, 0.454818, -0.967555, 0.680104, 0.142376, 0.977245, -0.837937, -0.935878, 0.481869, -0.777179, 0.715096, 0.874099, 0.3127, -0.645272, -0.787528, 0.21289, 0.72544, -0.544058, -0.403978, 0.621783, 0.84987, -0.263286, 0.360917, 0.546337, 0.0069126
10, 5, 70, 15, 26, fitness_puntos, seleccion_por_cantidad, 0.2, crossover_BLOQUES, mutacion_A, 0.4, 32, 18.5714, 9.53305, -0.602419, 0.772077, 0.635428, -0.646348, -0.647208, 0.332115, 0.454818, -0.967555, 0.680104, 0.142376, 0.977245, -0.837937, -0.935878, 0.481869, -0.777179, 0.715096, 0.874099, 0.3127, -0.645272, -0.787528, 0.21289, 0.72544, -0.544058, -0.403978, 0.621783, 0.84987, -0.263286, 0.360917, 0.546337, 0.0069126
10, 5, 70, 15, 27, fitness_puntos, seleccion_por_cantidad, 0.2, crossover_BLOQUES, mutacion_A, 0.4, 36, 18.7143, 11.3302, -0.602419, 0.772077, 0.635428, -0.646348, -0.647208, 0.332115, 0.454818, -0.967555, 0.680104, 0.142376, 0.977245, -0.837937, -0.935878, 0.481869, -0.777179, 0.715096, 0.874099, 0.3127, -0.645272, -0.787528, 0.21289, 0.72544, -0.544058, -0.403978, 0.621783, 0.84987, -0.263286, 0.360917, 0.546337, 0.0069126
10, 5, 70, 15, 28, fitness_puntos, seleccion_por_cantidad, 0.2, crossover_BLOQUES, mutacion_A, 0.4, 37, 19.1429, 10.8192, -0.602419, 0.772077, 0.635428, -0.646348, -0.647208, 0.332115, -0.644658, -0.688586, 0.680104, 0.142376, 0.977245, -0.837937, -0.935878, 0.481869, -0.777179, 0.715096, 0.874099, 0.3127, -0.645272, -0.787528, 0.918279, 0.0649478, -0.366756, 0.486087, -0.591402, 0.802008, -0.263286, 0.196476, 0.339259, 0.844998
10, 5, 70, 15, 29, fitness_puntos, seleccion_por_cantidad, 0.2, crossover_BLOQUES, mutacion_A, 0.4, 39, 19, 10.4881, -0.602419, 0.772077, 0.635428, -0.646348, -0.647208, 0.332115, -0.644658, -0.688586, 0.680104, 0.142376, 0.977245, -0.837937, -0.935878, 0.481869, -0.777179, 0.715096, 0.874099, 0.3127, -0.645272, -0.787528, 0.918279, 0.0649478, -0.366756, 0.486087, -0.591402, 0.802008, -0.263286, 0.196476, 0.339259, 0.844998
10, 5, 70, 15, 0, fitness_puntos, seleccion_por_cantidad, 0.2, crossover_BLOQUES, mutacion_B, 0.4, 32, 17.8, 7.93905, 0.390194, 0.281675, -0.25954, -0.522679, -0.0655281, 0.342853, -0.0247881, -0.405335, 0.207396, -0.508107, -0.726329, -0.820359, 0.463673, -0.866766, -0.290525, -0.133225, 0.539249, -0.434964, 0.0864983, -0.184832, 0.603906, 0.332473, 0.750136, -0.749873, -0.470022, -0.975354, 0.362403, 0.404945, 0.158985, 0.69475
10, 5, 70, 15, 1, fitness_puntos, seleccion_por_cantidad, 0.2, crossover_BLOQUES, mutacion_B, 0.4, 34, 18.2857, 9.9956, 0.636311, 0.790074, 0.509648, -0.383794, -0.492943, -0.729459, -0.00324102, 0.127625, -0.888242, 0.961667, -0.547398, 0.860615, 0.832001, -0.168439, -0.94452, 0.339138, 0.553708, 0.511381, -0.429456, 0.211635, 0.827398, -0.481386, 0.442462, -0.771592, -0.358532, -0.96941, -0.665781, 0.826795, 0.757173, 0.28265
10, 5, 70, 15, 2, fitness_puntos, seleccion_por_cantidad, 0.2, crossover_BLOQUES, mutacion_B, 0.4, 34, 18.2857, 7.77005, -0.456459, -0.667018, -0.196516, -0.400507, -0.914607, 0.256423, -0.0247881, -0.405335, 0.207396, -0.508107, -0.726329, -0.820359, 0.463673, -0.866766, -0.567117, 0.488771, 0.810422, 0.236576, -0.14043, -0.607516, 0.827398, -0.481386, 0.442462, -0.771592, -0.358532, -0.96941, -0.665781, 0.826795, 0.757173, 0.28265
10, 5, 70, 15, 3, fitness_puntos, seleccion_por_cantidad, 0.2, crossover_BLOQUES, mutacion_B, 0.4, 32, 18, 8.85785, 0.390194, 0.281675, -0.25954, -0.522679, -0.0655281, 0.342853, -0.0247881, -0.405335, 0.508018, 0.302275, -0.766467, -0.992383, -0.349479, 0.550949, -0.94452, 0.339138, 0.553708, 0.511381, -0.429456, 0.211635, 0.827398, -0.481386, 0.442462, -0.771592, -0.358532, -0.96941, -0.644129, 0.404945, 0.158985, 0.69475
10, 5, 70, 15, 4, fitness_puntos, seleccion_por_cantidad, 0.2, crossover_BLOQUES, mutacion_B, 0.4, 32, 18.0714, 7.40545, 0.0902002, -0.18282, -0.487026, 0.889046, 0.411319, -0.602479, -0.768196, -0.850496, 0.612783, -0.980009, -0.791676, -0.792778, -0.0870994, -0.104353, 0.361896, 0.319325, 0.290965, 0.776204, -0.852852, 0.321884, -0.926176, 0.709305, 0.973409, 0.330932, -0.842444, -0.889142, 0.157238, 0.986442, 0.337313, 0.691423
10, 5, 70, 15, 5, fitness_puntos, seleccion_por_cantidad, 0.2, crossover_BLOQUES, mutacion_B, 0.4, 31, 18.2143, 10.8286, 0.0902002, -0.18282, -0.487026, 0.889046, 0.411319, -0.602479, -0.768196, -0.850496, 0.612783, -0.980009, -0.791676, -0.792778, -0.0870994, -0.104353, 0.361896, 0.319325, 0.290965, 0.776204, -0.852852, 0.321884, -0.926176, 0.709305, 0.973409, 0.330932, -0.842444, -0.889142, 0.157238, 0.986442, 0.337313, 0.691423
10, 5, 70, 15, 6, fitness_puntos, seleccion_por_cantidad, 0.2, crossover_BLOQUES, mutacion_B, 0.4, 33, 17.1429, 8.9945, 0.0902002, -0.18282, -0.487026, 0.889046, 0.411319, -0.602479, -0.768196, -0.850496, 0.612783, -0.980009, -0.791676, -0.792778, -0.0870994, -0.104353, 0.361896, 0.319325, 0.290965, 0.776204, -0.852852, 0.321884, -0.926176, 0.709305, 0.973409, 0.330932, -0.842444, -0.889142, 0.157238, 0.986442, 0.337313, 0.691423
10, 5, 70, 15, 7, fitness_puntos, seleccion_por_cantidad, 0.2, crossover_BLOQUES, mutacion_B, 0.4, 31, 17.5714, 9.09534, -0.456459, -0.667018, -0.196516, -0.400507, -0.914607, 0.256423, -0.0247881, -0.405335, 0.207396, -0.508107, -0.726329, -0.820359, 0.463673, -0.866766, -0.94452, 0.339138, 0.553708, 0.511381, -0.429456, 0.211635, 0.827398, -0.481386, 0.442462, -0.771592, -0.358532, -0.96941, -0.644129, 0.626848, 0.468976, 0.520039
10, 5, 70, 15, 8, fitness_puntos, seleccion_por_cantidad, 0.2, crossover_BLOQUES, mutacion_B, 0.4, 30, 17.4286, 7.66324, -0.456459, -0.667018, -0.196516, -0.400507, -0.914607, 0.256423, -0.0247881, -0.405335, 0.207396, -0.508107, -0.726329, -0.820359, 0.463673, -0.866766, -0.94452, 0.339138, 0.553708, 0.511381, -0.429456, 0.211635, 0.827398, -0.481386, 0.442462, -0.771592, -0.358532, -0.96941, -0.665781, 0.626848, 0.468976, 0.520039
10, 5, 70, 15, 9, fitness_puntos, seleccion_por_cantidad, 0.2, crossover_BLOQUES, mutacion_B, 0.4, 32, 17.7143, 8.53435, -0.792453, 0.578, -0.499422, 0.537744, -0.0244513, 0.407672, -0.0247881, -0.405335, 0.207396, -0.508107, -0.726329, -0.820359, 0.463673, -0.866766, 0.177, 0.722888, 0.45512, -0.562169, 0.258251, 0.358469, 0.750456, -0.888205, -0.760027, -0.476019, -0.364315, 0.351376, -0.665781, 0.626848, 0.468976, 0.520039
10, 5, 70, 15, 10, fitness_puntos, seleccion_por_cantidad, 0.2, crossover_BLOQUES, mutacion_B, 0.4, 29, 16.7857, 7.55675, -0.792453, 0.578, -0.499422, 0.537744, -0.0244513, 0.407672, -0.0247881, -0.405335, 0.207396, -0.508107, -0.726329, -0.820359, 0.463673, -0.866766, -0.94452, 0.339138, 0.553708, 0.511381, -0.429456, 0.211635, 0.827398, -0.481386, 0.442462, -0.771592, -0.358532, -0.96941, -0.665781, 0.626848, 0.468976, 0.520039
10, 5, 70, 15, 11, fitness_puntos, seleccion_por_cantidad, 0.2, crossover_BLOQUES, mutacion_B, 0.4, 32, 18.5714, 9.81141, -0.792453, 0.578, -0.499422, 0.537744, -0.0244513, 0.407672, -0.0247881, -0.405335, 0.207396, -0.508107, -0.726329, -0.820359, 0.463673, -0.866766, 0.177, 0.722888, 0.45512, -0.562169, 0.258251, 0.358469, 0.750456, -0.888205, -0.760027, -0.476019, -0.364315, 0.351376, -0.665781, 0.626848, 0.468976, 0.520039
10, 5, 70, 15, 12, fitness_puntos, seleccion_por_cantidad, 0.2, crossover_BLOQUES, mutacion_B, 0.4, 33, 18.8571, 10.0373, -0.456459, -0.667018, -0.196516, -0.400507, -0.914607, 0.256423, -0.0247881, -0.405335, 0.207396, -0.508107, -0.726329, -0.820359, 0.463673, -0.866766, 0.177, 0.722888, 0.45512, -0.562169, 0.258251, 0.358469, 0.750456, -0.888205, -0.760027, -0.476019, -0.364315, 0.351376, -0.665781, 0.626848, 0.468976, 0.520039
10, 5, 70, 15, 13, fitness_puntos, seleccion_por_cantidad, 0.2, crossover_BLOQUES, mutacion_B, 0.4, 36, 17.7857, 9.41503, -0.456459, -0.667018, -0.196516, -0.400507, -0.914607, 0.256423, -0.0247881, -0.405335, 0.207396, -0.508107, -0.726329, -0.820359, 0.463673, -0.866766, 0.177, 0.722888, 0.45512, -0.562169, 0.258251, 0.358469, 0.750456, -0.888205, -0.760027, -0.476019, -0.364315, 0.351376, -0.665781, 0.626848, 0.468976, 0.520039
10, 5, 70, 15, 14, fitness_puntos, seleccion_por_cantidad, 0.2, crossover_BLOQUES, mutacion_B, 0.4, 34, 16.6429, 9.51604, -0.456459, -0.667018, -0.196516, -0.400507, -0.914607, 0.256423, -0.0247881, -0.405335, 0.207396, -0.508107, -0.726329, -0.820359, 0.463673, -0.866766, 0.177, 0.722888, 0.45512, -0.562169, 0.258251, 0.358469, 0.750456, -0.888205, -0.760027, -0.476019, -0.364315, 0.351376, -0.665781, 0.626848, 0.468976, 0.520039
10, 5, 70, 15, 15, fitness_puntos, seleccion_por_cantidad, 0.2, crossover_BLOQUES, mutacion_B, 0.4, 35, 18.5714, 11.0851, -0.456459, -0.667018, -0.196516, -0.400507, -0.914607, 0.256423, -0.0247881, -0.405335, 0.207396, -0.508107, -0.726329, -0.820359, 0.463673, -0.866766, 0.177, 0.722888, 0.45512, -0.562169, 0.258251, 0.358469, 0.750456, -0.888205, -0.760027, -0.476019, -0.364315, 0.351376, -0.665781, 0.626848, 0.468976, 0.520039
10, 5, 70, 15, 16, fitness_puntos, seleccion_por_cantidad, 0.2, crossover_BLOQUES, mutacion_B, 0.4, 35, 19, 11.3883, 0.440917, -0.514951, 0.778395, -0.125766, -0.67922, -0.17217, -0.067675, 0.369054, 0.970684, 0.586548, 0.227134, -0.586512, -0.171926, -0.222206, -0.149092, 0.938239, 0.113401, 0.3738, 0.436893, 0.459268, -0.44026, -0.775276, -0.494539, 0.995675, -0.676536, -0.551754, -0.528533, 0.633483, 0.456366, 0.654309
10, 5, 70, 15, 17, fitness_puntos, seleccion_por_cantidad, 0.2, crossover_BLOQUES, mutacion_B, 0.4, 36, 18.3571, 8.92367, -0.456459, -0.667018, -0.196516, -0.400507, -0.914607, 0.256423, -0.0247881, -0.405335, 0.207396, -0.508107, -0.726329, -0.820359, 0.463673, -0.866766, -0.149092, 0.938239, 0.113401, 0.3738, 0.436893, 0.459268, 0.750456, -0.888205, -0.760027, -0.476019, -0.364315, 0.351376, -0.665781, 0.633483, 0.456366, 0.654309
10, 5, 70, 15, 18, fitness_puntos, seleccion_por_cantidad, 0.2, crossover_BLOQUES, mutacion_B, 0.4, 30, 18.0714, 9.04233, -0.456459, -0.667018, -0.196516, -0.400507, -0.914607, 0.256423, -0.0247881, -0.405335, 0.207396, -0.508107, -0.726329, -0.820359, 0.463673, -0.866766, -0.149092, 0.938239, 0.113401, 0.3738, 0.436893, 0.459268, 0.750456, -0.888205, -0.760027, -0.476019, -0.364315, 0.351376, -0.665781, 0.633483, 0.456366, 0.654309
10, 5, 70, 15, 19, fitness_puntos, seleccion_por_cantidad, 0.2, crossover_BLOQUES, mutacion_B, 0.4, 32, 17, 8.41244, -0.456459, -0.667018, -0.196516, -0.400507, -0.914607, 0.256423, 0.637039, -0.980517, 0.0402696, 0.806727, 0.560458, 0.722363, 0.949465, -0.614455, -0.758129, 0.375217, 0.0363852, -0.382173, 0.258794, -0.49472, 0.750456, -0.888205, -0.760027, -0.476019, -0.364315, 0.351376, -0.831808, 0.633483, 0.456366, 0.654309
10, 5, 70, 15, 20, fitness_puntos, seleccion_por_cantidad, 0.2, crossover_BLOQUES, mutacion_B, 0.4, 31, 16, 8.93567, -0.545647, 0.947161, 0.470623, -0.268744, 0.797187, 0.591215, 0.637039, -0.980517, 0.970684, 0.586548, 0.227134, -0.586512, -0.171926, -0.222206, -0.758129, 0.375217, 0.0363852, -0.382173, 0.258794, -0.49472, -0.712859, 0.87179, -0.0760118, 0.615695, 0.290044, -0.249712, -0.831808, 0.405928, 0.672154, 0.205472
10, 5, 70, 15, 21, fitness_puntos, seleccion_por_cantidad, 0.2, crossover_BLOQUES, mutacion_B, 0.4, 39, 18.4286, 10.7038, -0.545647, 0.947161, 0.470623, -0.268744, 0.797187, 0.591215, 0.637039, -0.980517, 0.970684, 0.586548, 0.227134, -0.586512, -0.171926, -0.222206, -0.758129, 0.375217, 0.0363852, -0.382173, 0.258794, -0.49472, -0.712859, 0.87179, -0.0760118, 0.615695, 0.290044, -0.249712, -0.831808, 0.405928, 0.672154, 0.205472
10, 5, 70, 15, 22, fitness_puntos, seleccion_por_cantidad, 0.2, crossover_BLOQUES, mutacion_B, 0.4, 36, 17.8571, 10.7335, -0.545647, 0.947161, 0.470623, -0.268744, 0.797187, 0.591215, 0.637039, -0.980517, 0.970684, 0.586548, 0.227134, -0.586512, -0.171926, -0.222206, -0.758129, 0.375217, 0.0363852, -0.382173, 0.258794, -0.49472, -0.712859, 0.87179, -0.0760118, 0.615695, 0.290044, -0.249712, -0.831808, 0.405928, 0.672154, 0.205472
10, 5, 70, 15, 23, fitness_puntos, seleccion_por_cantidad, 0.2, crossover_BLOQUES, mutacion_B, 0.4, 34, 18.7857, 9.90088, -0.545647, 0.947161, 0.470623, -0.268744, 0.797187, 0.591215, 0.637039, -0.980517, 0.970684, 0.586548, 0.227134, -0.586512, -0.171926, -0.222206, -0.758129, 0.375217, 0.0363852, -0.382173, 0.258794, -0.49472, -0.712859, 0.87179, -0.0760118, 0.615695, 0.290044, -0.249712, -0.831808, 0.405928, 0.672154, 0.205472
10, 5, 70, 15, 24, fitness_puntos, seleccion_por_cantidad, 0.2, crossover_BLOQUES, mutacion_B, 0.4, 39, 19.2143, 12.8193, -0.545647, 0.947161, 0.470623, -0.268744, 0.797187, 0.591215, 0.637039, -0.980517, 0.970684, 0.586548, 0.227134, -0.586512, -0.171926, -0.222206, -0.758129, 0.375217, 0.0363852, -0.382173, 0.258794, -0.49472, -0.712859, 0.87179, -0.0760118, 0.615695, 0.290044, -0.249712, -0.831808, 0.405928, 0.672154, 0.205472
10, 5, 70, 15, 25, fitness_puntos, seleccion_por_cantidad, 0.2, crossover_BLOQUES, mutacion_B, 0.4, 37, 18.7857, 11.1299, -0.545647, 0.947161, 0.470623, -0.268744, 0.797187, 0.591215, 0.0527736, 0.378395, 0.970684, 0.586548, 0.227134, -0.586512, -0.171926, -0.222206, -0.758129, 0.375217, 0.0363852, -0.382173, 0.258794, -0.49472, -0.712859, 0.87179, -0.0760118, 0.615695, 0.290044, -0.249712, -0.831808, 0.405928, 0.672154, 0.205472
10, 5, 70, 15, 26, fitness_puntos, seleccion_por_cantidad, 0.2, crossover_BLOQUES, mutacion_B, 0.4, 37, 18.9286, 10.5573, -0.545647, 0.947161, 0.470623, -0.268744, 0.797187, 0.591215, 0.637039, -0.980517, 0.970684, 0.586548, 0.227134, -0.586512, -0.171926, -0.222206, -0.758129, 0.375217, 0.0363852, -0.382173, 0.258794, -0.49472, -0.712859, 0.87179, -0.0760118, 0.615695, 0.290044, -0.249712, -0.831808, 0.405928, 0.672154, 0.205472
10, 5, 70, 15, 27, fitness_puntos, seleccion_por_cantidad, 0.2, crossover_BLOQUES, mutacion_B, 0.4, 39, 19.2857, 12.7486, -0.545647, 0.947161, 0.470623, -0.268744, 0.797187, 0.591215, 0.637039, -0.980517, 0.970684, 0.586548, 0.227134, -0.586512, -0.171926, -0.222206, -0.758129, 0.375217, 0.0363852, -0.382173, 0.258794, -0.49472, -0.712859, 0.87179, -0.0760118, 0.615695, 0.290044, -0.249712, -0.831808, 0.405928, 0.672154, 0.205472
10, 5, 70, 15, 28, fitness_puntos, seleccion_por_cantidad, 0.2, crossover_BLOQUES, mutacion_B, 0.4, 35, 17.8571, 9.82819, -0.545647, 0.947161, 0.470623, -0.268744, 0.797187, 0.591215, 0.637039, -0.980517, 0.970684, 0.586548, 0.227134, -0.586512, -0.171926, -0.222206, -0.758129, 0.375217, 0.0363852, -0.382173, 0.258794, -0.49472, -0.712859, 0.87179, -0.0760118, 0.615695, 0.290044, -0.249712, -0.831808, 0.405928, 0.672154, 0.205472
10, 5, 70, 15, 29, fitness_puntos, seleccion_por_cantidad, 0.2, crossover_BLOQUES, mutacion_B, 0.4, 35, 18, 9.55953, -0.545647, 0.947161, 0.470623, -0.268744, 0.797187, 0.591215, 0.637039, -0.980517, 0.970684, 0.586548, 0.227134, -0.586512, -0.171926, -0.222206, -0.758129, 0.375217, 0.0363852, -0.382173, 0.258794, -0.49472, -0.712859, 0.87179, -0.0760118, 0.615695, 0.290044, -0.249712, -0.831808, 0.405928, 0.672154, 0.205472
