10, 5, 70, 15, 0, fitness_puntos, seleccion_por_cantidad, 0.2, crossover_BLOQUES, mutacion_A, 0.4, 38, 17.1333, 9.76778, 0.219604, -0.0157446, 0.410688, 0.914745, 0.978917, 0.215579, 0.0670825, -0.572147, 0.480741, -0.0924161, 0.201086, -0.948045, -0.511025, 0.589262, -0.881531, 0.98124, -0.0638038, 0.987812, 0.375709, -0.813465, 0.790193, -0.877585, -0.230526, -0.443729, 0.71557, 0.592992, 0.493938, 0.807921, 0.113423, 0.298492, 0.266808
10, 5, 70, 15, 1, fitness_puntos, seleccion_por_cantidad, 0.2, crossover_BLOQUES, mutacion_A, 0.4, 34, 17.3571, 10.667, -0.312862, 0.927493, -0.963118, -0.880386, -0.371302, -0.428355, -0.891253, 0.672707, 0.226196, -0.845611, 0.597367, 0.0806106, 0.424664, -0.0234758, -0.401581, 0.685987, -0.722503, -0.45758, 0.609154, 0.304759, -0.63857, -0.255261, -0.858502, -0.528024, 0.399737, -0.010092, -0.642118, -0.0511368, 0.551918, 0.327957, 0.130761
10, 5, 70, 15, 2, fitness_puntos, seleccion_por_cantidad, 0.2, crossover_BLOQUES, mutacion_A, 0.4, 32, 17.9286, 10.0802, -0.312862, 0.927493, -0.963118, -0.880386, -0.371302, -0.428355, -0.891253, 0.672707, 0.226196, -0.845611, 0.597367, 0.0806106, 0.424664, -0.0234758, -0.401581, 0.685987, -0.722503, -0.45758, 0.609154, 0.304759, -0.63857, -0.255261, -0.858502, -0.528024, 0.399737, -0.010092, -0.642118, -0.0511368, 0.551918, 0.327957, 0.130761
10, 5, 70, 15, 3, fitness_puntos, seleccion_por_cantidad, 0.2, crossover_BLOQUES, mutacion_A, 0.4, 37, 16.9286, 9.51488, -0.312862, 0.927493, -0.963118, -0.880386, -0.371302, -0.428355, -0.891253, 0.672707, 0.226196, -0.845611, 0.597367, 0.0806106, 0.424664, -0.0234758, -0.401581, 0.685987, -0.722503, -0.45758, 0.609154, 0.304759, -0.63857, -0.255261, -0.858502, -0.528024, 0.399737, -0.010092, -0.642118, -0.0511368, 0.551918, 0.327957, 0.130761
10, 5, 70, 15, 4, fitness_puntos, seleccion_por_cantidad, 0.2, crossover_BLOQUES, mutacion_A, 0.4, 33, 17.8571, 9.19747, -0.312862, 0.927493, -0.963118, -0.880386, -0.371302, -0.428355, -0.891253, 0.672707, 0.226196, -0.845611, 0.597367, 0.0806106, 0.424664, -0.0234758, -0.401581, 0.685987, -0.722503, -0.45758, 0.609154, 0.304759, -0.63857, -0.255261, -0.858502, -0.528024, 0.399737, -0.010092, -0.642118, -0.0511368, 0.551918, 0.327957, 0.130761
10, 5, 70, 15, 5, fitness_puntos, seleccion_por_cantidad, 0.2, crossover_BLOQUES, mutacion_A, 0.4, 35, 17.9286, 9.9496, -0.618527, 0.398361, 0.799356, 0.506034, -0.999102, -0.587903, -0.0399798, -0.574962, -0.523472, -0.623691, 0.327853, 0.836325, -0.870345, -0.709172, -0.803887, 0.393787, 0.719288, 0.332441, 0.491228, -0.0862274, -0.543753, 0.403124, -0.852602, -0.0957813, 0.701396, 0.459177, 0.875423, 0.923445, 0.312286, 0.29895, 0.364505
10, 5, 70, 15, 6, fitness_puntos, seleccion_por_cantidad, 0.2, crossover_BLOQUES, mutacion_A, 0.4, 31, 17.5, 8.69792, -0.618527, 0.398361, 0.799356, 0.506034, -0.999102, -0.587903, -0.0399798, -0.574962, 0.226196, -0.845611, 0.597367, 0.0806106, 0.424664, -0.0234758, -0.401581, 0.685987, -0.722503, -0.45758, 0.609154, 0.304759, 0.468312, -0.730405, 0.0223755, -0.190412, 0.872607, 0.774149, 0.875423, 0.923445, 0.312286, 0.29895, 0.364505
10, 5, 70, 15, 7, fitness_puntos, seleccion_por_cantidad, 0.2, crossover_BLOQUES, mutacion_A, 0.4, 35, 18.9286, 11.9258, -0.618527, 0.398361, 0.799356, 0.506034, -0.999102, -0.587903, -0.0399798, -0.574962, 0.226196, -0.845611, 0.597367, 0.0806106, 0.424664, -0.0234758, -0.401581, 0.685987, -0.722503, -0.45758, 0.609154, 0.304759, 0.468312, -0.730405, 0.0223755, -0.190412, 0.872607, 0.774149, 0.875423, 0.923445, 0.312286, 0.29895, 0.364505
10, 5, 70, 15, 8, fitness_puntos, seleccion_por_cantidad, 0.2, crossover_BLOQUES, mutacion_A, 0.4, 33, 18.1429, 9.15555, -0.796088, 0.616956, -0.0423902, 0.892167, 0.348073, -0.902248, 0.796824, -0.188842, -0.808126, -0.931646, 0.718582, -0.526581, -0.32739, -0.122007, -0.788339, 0.683243, 0.743058, 0.914833, 0.337468, 0.746378, -0.918782, 0.860782, -0.693021, -0.84524, -0.660546, -0.999009, 0.233676, 0.658534, 0.0266398, 0.12675, 0.862059
10, 5, 70, 15, 9, fitness_puntos, seleccion_por_cantidad, 0.2, crossover_BLOQUES, mutacion_A, 0.4, 35, 18.2857, 10.7089, -0.618527, 0.398361, 0.799356, 0.506034, -0.999102, -0.587903, -0.0399798, -0.574962, 0.226196, -0.845611, 0.597367, 0.0806106, 0.424664, -0.0234758, -0.401581, 0.685987, -0.722503, -0.45758, 0.609154, 0.304759, 0.468312, -0.730405, 0.0223755, -0.190412, 0.872607, 0.774149, 0.875423, 0.923445, 0.312286, 0.29895, 0.364505
10, 5, 70, 15, 10, fitness_puntos, seleccion_por_cantidad, 0.2, crossover_BLOQUES, mutacion_A, 0.4, 37, 17.6429, 8.85444, -0.618527, 0.398361, 0.799356, 0.506034, -0.999102, -0.587903, -0.0399798, -0.574962, 0.226196, -0.845611, 0.597367, 0.0806106, 0.424664, -0.0234758, -0.401581, 0.685987, -0.722503, -0.45758, 0.609154, 0.304759, 0.468312, -0.730405, 0.0223755, -0.190412, 0.872607, 0.774149, 0.875423, 0.923445, 0.312286, 0.29895, 0.364505
10, 5, 70, 15, 11, fitness_puntos, seleccion_por_cantidad, 0.2, crossover_BLOQUES, mutacion_A, 0.4, 39, 18.5, 11.1821, -0.618527, 0.398361, 0.799356, 0.506034, -0.999102, -0.587903, -0.0399798, -0.574962, 0.226196, -0.845611, 0.597367, 0.0806106, 0.424664, -0.0234758, -0.401581, 0.685987, -0.722503, -0.45758, 0.609154, 0.304759, 0.468312, -0.730405, 0.0223755, -0.190412, 0.872607, 0.774149, 0.875423, 0.923445, 0.312286, 0.29895, 0.364505
10, 5, 70, 15, 12, fitness_puntos, seleccion_por_cantidad, 0.2, crossover_BLOQUES, mutacion_A, 0.4, 37, 18.5714, 11.6204, -0.618527, 0.398361, 0.799356, 0.506034, -0.999102, -0.587903, -0.0399798, -0.574962, 0.226196, -0.845611, 0.597367, 0.0806106, 0.424664, -0.0234758, -0.401581, 0.685987, -0.722503, -0.45758, 0.609154, 0.304759, 0.468312, -0.730405, 0.0223755, -0.190412, 0.872607, 0.774149, 0.875423, 0.923445, 0.312286, 0.29895, 0.364505
10, 5, 70, 15, 13, fitness_puntos, seleccion_por_cantidad, 0.2, crossover_BLOQUES, mutacion_A, 0.4, 39, 18.7143, 11.8998, -0.618527, 0.398361, 0.799356, 0.506034, -0.999102, -0.587903, -0.0399798, -0.574962, 0.226196, -0.845611, 0.597367, 0.0806106, 0.424664, -0.0234758, -0.401581, 0.685987, -0.722503, -0.45758, 0.609154, 0.304759, 0.468312, -0.730405, 0.0223755, -0.190412, 0.872607, 0.774149, 0.875423, 0.923445, 0.312286, 0.29895, 0.364505
10, 5, 70, 15, 14, fitness_puntos, seleccion_por_cantidad, 0.2, crossover_BLOQUES, mutacion_A, 0.4, 39, 18.7143, 11.8998, -0.618527, 0.398361, 0.799356, 0.506034, -0.999102, -0.587903, -0.0399798, -0.574962, 0.226196, -0.845611, 0.597367, 0.0806106, 0.424664, -0.0234758, -0.401581, 0.685987, -0.722503, -0.45758, 0.609154, 0.304759, 0.468312, -0.730405, 0.0223755, -0.190412, 0.872607, 0.774149, 0.875423, 0.923445, 0.312286, 0.29895, 0.364505
10, 5, 70, 15, 15, fitness_puntos, seleccion_por_cantidad, 0.2, crossover_BLOQUES, mutacion_A, 0.4, 39, 18.2143, 11.0047, -0.618527, 0.398361, 0.799356, 0.506034, -0.999102, -0.587903, -0.0399798, -0.574962, 0.226196, -0.845611, 0.597367, 0.0806106, 0.424664, -0.0234758, -0.401581, 0.685987, -0.722503, -0.45758, 0.609154, 0.304759, 0.468312, -0.730405, 0.0223755, -0.190412, 0.872607, 0.774149, 0.875423, 0.923445, 0.312286, 0.29895, 0.364505
10, 5, 70, 15, 16, fitness_puntos, seleccion_por_cantidad, 0.2, crossover_BLOQUES, mutacion_A, 0.4, 39, 18.7857, 11.2741, -0.618527, 0.398361, 0.799356, 0.506034, -0.999102, -0.587903, -0.0399798, -0.574962, 0.226196, -0.845611, 0.597367, 0.0806106, 0.424664, -0.0234758, -0.401581, 0.685987, -0.722503, -0.45758, 0.609154, 0.304759, 0.468312, -0.730405, 0.0223755, -0.190412, 0.872607, 0.774149, 0.875423, 0.923445, 0.312286, 0.29895, 0.364505
10, 5, 70, 15, 17, fitness_puntos, seleccion_por_cantidad, 0.2, crossover_BLOQUES, mutacion_A, 0.4, 39, 18, 11.3273, -0.618527, 0.398361, 0.799356, 0.506034, -0.999102, -0.587903, -0.0399798, -0.574962, 0.226196, -0.845611, 0.597367, 0.0806106, 0.424664, -0.0234758, -0.401581, 0.685987, -0.722503, -0.45758, 0.609154, 0.304759, 0.468312, -0.730405, 0.0223755, -0.190412, 0.872607, 0.774149, 0.875423, 0.923445, 0.312286, 0.29895, 0.364505
10, 5, 70, 15, 18, fitness_puntos, seleccion_por_cantidad, 0.2, crossover_BLOQUES, mutacion_A, 0.4, 39, 19.4286, 12.2582, -0.618527, 0.398361, 0.799356, 0.506034, -0.999102, -0.587903, -0.0399798, -0.574962, 0.226196, -0.845611, 0.597367, 0.0806106, 0.424664, -0.0234758, -0.401581, 0.685987, -0.722503, -0.45758, 0.609154, 0.304759, 0.468312, -0.730405, 0.0223755, -0.190412, 0.872607, 0.774149, 0.875423, 0.923445, 0.312286, 0.29895, 0.364505
10, 5, 70, 15, 19, fitness_puntos, seleccion_por_cantidad, 0.2, crossover_BLOQUES, mutacion_A, 0.4, 39, 18.3571, 11.4193, -0.618527, 0.398361, 0.799356, 0.506034, -0.999102, -0.587903, -0.0399798, -0.574962, 0.226196, -0.845611, 0.597367, 0.0806106, 0.424664, -0.0234758, -0.401581, 0.685987, -0.722503, -0.45758, 0.609154, 0.304759, 0.468312, -0.730405, 0.0223755, -0.190412, 0.872607, 0.774149, 0.875423, 0.923445, 0.312286, 0.29895, 0.364505
10, 5, 70, 15, 20, fitness_puntos, seleccion_por_cantidad, 0.2, crossover_BLOQUES, mutacion_A, 0.4, 39, 18.5714, 11.7586, -0.618527, 0.398361, 0.799356, 0.506034, -0.999102, -0.587903, -0.0399798, -0.574962, 0.226196, -0.845611, 0.597367, 0.0806106, 0.424664, -0.0234758, -0.401581, 0.685987, -0.722503, -0.45758, 0.609154, 0.304759, 0.468312, -0.730405, 0.0223755, -0.190412, 0.872607, 0.774149, 0.875423, 0.923445, 0.312286, 0.29895, 0.364505
10, 5, 70, 15, 21, fitness_puntos, seleccion_por_cantidad, 0.2, crossover_BLOQUES, mutacion_A, 0.4, 37, 17.9286, 10.1638, -0.618527, 0.398361, 0.799356, 0.506034, -0.999102, -0.587903, -0.0399798, -0.574962, 0.226196, -0.845611, 0.597367, 0.0806106, 0.424664, -0.0234758, -0.401581, 0.685987, -0.722503, -0.45758, 0.609154, 0.304759, 0.468312, -0.730405, 0.0223755, -0.190412, 0.872607, 0.774149, 0.875423, 0.923445, 0.312286, 0.29895, 0.364505
10, 5, 70, 15, 22, fitness_puntos, seleccion_por_cantidad, 0.2, crossover_BLOQUES, mutacion_A, 0.4, 39, 19.4286, 12.6474, -0.618527, 0.398361, 0.799356, 0.506034, -0.999102, -0.587903, -0.0399798, -0.574962, 0.226196, -0.845611, 0.597367, 0.0806106, 0.424664, -0.0234758, -0.401581, 0.685987, -0.722503, -0.45758, 0.609154, 0.304759, 0.468312, -0.730405, 0.0223755, -0.190412, 0.872607, 0.774149, 0.875423, 0.923445, 0.312286, 0.29895, 0.364505
10, 5, 70, 15, 23, fitness_puntos, seleccion_por_cantidad, 0.2, crossover_BLOQUES, mutacion_A, 0.4, 37, 19.2857, 12.1872, -0.618527, 0.398361, 0.799356, 0.506034, -0.999102, -0.587903, -0.0399798, -0.574962, 0.226196, -0.845611, 0.597367, 0.0806106, 0.424664, -0.0234758, -0.401581, 0.685987, -0.722503, -0.45758, 0.609154, 0.304759, 0.468312, -0.730405, 0.0223755, -0.190412, 0.872607, 0.774149, 0.875423, 0.923445, 0.312286, 0.29895, 0.364505
10, 5, 70, 15, 24, fitness_puntos, seleccion_por_cantidad, 0.2, crossover_BLOQUES, mutacion_A, 0.4, 36, 18, 11.0175, -0.969611, 0.138495, 0.520892, -0.831044, 0.643832, 0.0824753, 0.343504, 0.564799, -0.235849, 0.558214, -0.489998, 0.462729, -0.83145, -0.24105, -0.021706, 0.800658, -0.209126, -0.628536, -0.00329708, -0.917462, 0.974276, -0.22102, -0.997474, 0.79103, -0.588534, -0.097393, -0.372594, -0.399311, 0.408893, 0.532588, 0.451781
10, 5, 70, 15, 25, fitness_puntos, seleccion_por_cantidad, 0.2, crossover_BLOQUES, mutacion_A, 0.4, 28, 16.6429, 6.91272, -0.618527, 0.398361, 0.799356, 0.506034, -0.999102, -0.587903, -0.0399798, -0.574962, 0.226196, -0.845611, 0.597367, 0.0806106, 0.424664, -0.0234758, -0.401581, 0.685987, -0.722503, -0.45758, 0.609154, 0.304759, 0.468312, -0.730405, 0.0223755, -0.190412, 0.872607, 0.774149, 0.875423, 0.923445, 0.312286, 0.29895, 0.364505
10, 5, 70, 15, 26, fitness_puntos, seleccion_por_cantidad, 0.2, crossover_BLOQUES, mutacion_A, 0.4, 35, 17.7857, 9.95512, -0.618527, 0.398361, 0.799356, 0.506034, -0.999102, -0.587903, -0.0399798, -0.574962, 0.226196, -0.845611, 0.597367, 0.0806106, 0.424664, -0.0234758, -0.401581, 0.685987, -0.722503, -0.45758, 0.609154, 0.304759, 0.468312, -0.730405, 0.0223755, -0.190412, 0.872607, 0.774149, 0.875423, 0.923445, 0.312286, 0.29895, 0.364505
10, 5, 70, 15, 27, fitness_puntos, seleccion_por_cantidad, 0.2, crossover_BLOQUES, mutacion_A, 0.4, 37, 18.4286, 11.4939, -0.618527, 0.398361, 0.799356, 0.506034, -0.999102, -0.587903, -0.0399798, -0.574962, 0.226196, -0.845611, 0.597367, 0.0806106, 0.424664, -0.0234758, -0.401581, 0.685987, -0.722503, -0.45758, 0.609154, 0.304759, 0.468312, -0.730405, 0.0223755, -0.190412, 0.872607, 0.774149, 0.875423, 0.923445, 0.312286, 0.29895, 0.364505
10, 5, 70, 15, 28, fitness_puntos, seleccion_por_cantidad, 0.2, crossover_BLOQUES, mutacion_A, 0.4, 33, 17.5, 8.73323, -0.618527, 0.398361, 0.799356, 0.506034, -0.999102, -0.587903, -0.0399798, -0.574962, 0.226196, -0.845611, 0.597367, 0.0806106, 0.424664, -0.0234758, -0.401581, 0.685987, -0.722503, -0.45758, 0.609154, 0.304759, 0.468312, -0.730405, 0.0223755, -0.190412, 0.872607, 0.774149, 0.875423, 0.923445, 0.312286, 0.29895, 0.364505
10, 5, 70, 15, 29, fitness_puntos, seleccion_por_cantidad, 0.2, crossover_BLOQUES, mutacion_A, 0.4, 33, 18, 9.38903, -0.969611, 0.138495, 0.520892, -0.831044, 0.643832, 0.0824753, 0.343504, 0.564799, -0.235849, 0.558214, -0.489998, 0.462729, -0.83145, -0.24105, -0.021706, 0.800658, -0.209126, -0.628536, -0.00329708, -0.917462, 0.974276, -0.22102, -0.997474, 0.79103, -0.588534, -0.097393, -0.372594, -0.399311, 0.408893, 0.532588, 0.451781
10, 5, 70, 15, 0, fitness_puntos, seleccion_por_puntaje, 0.2, crossover_BLOQUES, mutacion_A, 0.4, 39, 18.3333, 10.083, -0.0271136, 0.409957, 0.425761, -0.449691, -0.000628878, -0.440576, -0.296413, -0.475932, 0.805546, 0.570567, -0.40756, -0.808128, -0.7596, -0.438969, 0.22402, 0.0180936, 0.861688, 0.051226, 0.171821, 0.59625, 0.736415, 0.936915, 0.0364402, -0.14333, 0.298492, -0.0742836, 0.178075, -0.648352, 0.799662, 0.607306, 0.931351
10, 5, 70, 15, 1, fitness_puntos, seleccion_por_puntaje, 0.2, crossover_BLOQUES, mutacion_A, 0.4, 37, 17.6429, 11.2223, -0.552436, -0.479379, 0.810485, -0.00912149, -0.262435, -0.574501, -0.296413, -0.475932, -0.531149, -0.424907, -0.455189, -0.579399, -0.0653342, -0.0606531, 0.22402, 0.0180936, 0.861688, 0.051226, 0.171821, 0.59625, 0.736415, 0.936915, 0.0364402, -0.14333, 0.298492, -0.0742836, 0.178075, -0.648352, 0.677776, 0.727281, 0.805633
10, 5, 70, 15, 2, fitness_puntos, seleccion_por_puntaje, 0.2, crossover_BLOQUES, mutacion_A, 0.4, 30, 17.7143, 9.09293, -0.552436, -0.479379, 0.810485, -0.00912149, -0.262435, -0.574501, -0.252224, -0.899978, -0.531149, -0.424907, -0.455189, -0.579399, -0.0653342, -0.0606531, 0.23615, 0.958219, 0.630089, -0.998521, -0.972345, 0.389349, 0.812185, 0.9659, -0.509132, -0.504889, -0.486886, -0.214826, 0.099158, -0.648352, 0.677776, 0.727281, 0.805633
10, 5, 70, 15, 3, fitness_puntos, seleccion_por_puntaje, 0.2, crossover_BLOQUES, mutacion_A, 0.4, 32, 17.8571, 9.05417, -0.552436, -0.479379, 0.810485, -0.00912149, -0.262435, -0.574501, -0.252224, -0.899978, -0.531149, -0.424907, -0.455189, -0.579399, -0.0653342, -0.0606531, 0.22402, 0.0180936, 0.861688, 0.051226, 0.171821, 0.59625, 0.812185, 0.9659, -0.509132, -0.504889, -0.486886, -0.214826, 0.178075, -0.648352, 0.677776, 0.727281, 0.805633
10, 5, 70, 15, 4, fitness_puntos, seleccion_por_puntaje, 0.2, crossover_BLOQUES, mutacion_A, 0.4, 39, 18.6429, 11.8491, -0.552436, -0.479379, 0.810485, -0.00912149, -0.262435, -0.574501, -0.252224, -0.899978, -0.531149, -0.424907, -0.455189, -0.579399, -0.0653342, -0.0606531, 0.22402, 0.0180936, 0.861688, 0.051226, 0.171821, 0.59625, 0.736415, 0.936915, 0.0364402, -0.14333, 0.298492, -0.0742836, 0.178075, -0.648352, 0.677776, 0.727281, 0.805633
10, 5, 70, 15, 5, fitness_puntos, seleccion_por_puntaje, 0.2, crossover_BLOQUES, mutacion_A, 0.4, 39, 19.2857, 12.7486, -0.552436, -0.479379, 0.810485, -0.00912149, -0.262435, -0.574501, -0.252224, -0.899978, -0.531149, -0.424907, -0.455189, -0.579399, -0.0653342, -0.0606531, 0.22402, 0.0180936, 0.861688, 0.051226, 0.171821, 0.59625, 0.812185, 0.9659, -0.509132, -0.504889, -0.486886, -0.214826, 0.178075, -0.648352, 0.677776, 0.727281, 0.805633
10, 5, 70, 15, 6, fitness_puntos, seleccion_por_puntaje, 0.2, crossover_BLOQUES, mutacion_A, 0.4, 37, 18.8571, 11.3195, -0.552436, -0.479379, 0.810485, -0.00912149, -0.262435, -0.574501, -0.252224, -0.899978, -0.531149, -0.424907, -0.455189, -0.579399, -0.0653342, -0.0606531, 0.22402, 0.0180936, 0.861688, 0.051226, 0.171821, 0.59625, 0.812185, 0.9659, -0.509132, -0.504889, -0.486886, -0.214826, 0.178075, -0.648352, 0.677776, 0.727281, 0.805633
10, 5, 70, 15, 7, fitness_puntos, seleccion_por_puntaje, 0.2, crossover_BLOQUES, mutacion_A, 0.4, 37, 18.7143, 11.2689, -0.552436, -0.479379, 0.810485, -0.00912149, -0.262435, -0.574501, -0.252224, -0.899978, -0.531149, -0.424907, -0.455189, -0.579399, -0.0653342, -0.0606531, 0.22402, 0.0180936, 0.861688, 0.051226, 0.171821, 0.59625, 0.812185, 0.9659, -0.509132, -0.504889, -0.486886, -0.214826, 0.178075, -0.648352, 0.677776, 0.727281, 0.805633
10, 5, 70, 15, 8, fitness_puntos, seleccion_por_puntaje, 0.2, crossover_BLOQUES, mutacion_A, 0.4, 37, 18.5714, 11.3389, -0.552436, -0.479379, 0.810485, -0.00912149, -0.262435, -0.574501, -0.252224, -0.899978, -0.531149, -0.424907, -0.455189, -0.579399, -0.0653342, -0.0606531, 0.22402, 0.0180936, 0.861688, 0.051226, 0.171821, 0.59625, 0.812185, 0.9659, -0.509132, -0.504889, -0.486886, -0.214826, 0.178075, -0.648352, 0.677776, 0.727281, 0.805633
10, 5, 70, 15, 9, fitness_puntos, seleccion_por_puntaje, 0.2, crossover_BLOQUES, mutacion_A, 0.4, 39, 19.0714, 12.7428, -0.552436, -0.479379, 0.810485, -0.00912149, -0.262435, -0.574501, -0.252224, -0.899978, -0.531149, -0.424907, -0.455189, -0.579399, -0.0653342, -0.0606531, 0.22402, 0.0180936, 0.861688, 0.051226, 0.171821, 0.59625, 0.812185, 0.9659, -0.509132, -0.504889, -0.486886, -0.214826, 0.178075, -0.648352, 0.677776, 0.727281, 0.805633
10, 5, 70, 15, 10, fitness_puntos, seleccion_por_puntaje, 0.2, crossover_BLOQUES, mutacion_A, 0.4, 39, 19.4286, 12.6474, -0.552436, -0.479379, 0.810485, -0.00912149, -0.262435, -0.574501, -0.252224, -0.899978, -0.531149, -0.424907, -0.455189, -0.579399, -0.0653342, -0.0606531, 0.22402, 0.0180936, 0.861688, 0.051226, 0.171821, 0.59625, 0.812185, 0.9659, -0.509132, -0.504889, -0.486886, -0.214826, 0.178075, -0.648352, 0.677776, 0.727281, 0.805633
10, 5, 70, 15, 11, fitness_puntos, seleccion_por_puntaje, 0.2, crossover_BLOQUES, mutacion_A, 0.4, 39, 19.2857, 12.8028, -0.552436, -0.479379, 0.810485, -0.00912149, -0.262435, -0.574501, -0.252224, -0.899978, -0.531149, -0.424907, -0.455189, -0.579399, -0.0653342, -0.0606531, 0.22402, 0.0180936, 0.861688, 0.051226, 0.171821, 0.59625, 0.812185, 0.9659, -0.509132, -0.504889, -0.486886, -0.214826, 0.178075, -0.648352, 0.677776, 0.727281, 0.805633
10, 5, 70, 15, 12, fitness_puntos, seleccion_por_puntaje, 0.2, crossover_BLOQUES, mutacion_A, 0.4, 39, 19.1429, 12.7633, -0.552436, -0.479379, 0.810485, -0.00912149, -0.262435, -0.574501, -0.252224, -0.899978, -0.531149, -0.424907, -0.455189, -0.579399, -0.0653342, -0.0606531, 0.22402, 0.0180936, 0.861688, 0.051226, 0.171821, 0.59625, 0.812185, 0.9659, -0.509132, -0.504889, -0.486886, -0.214826, 0.178075, -0.648352, 0.677776, 0.727281, 0.805633
10, 5, 70, 15, 13, fitness_puntos, seleccion_por_puntaje, 0.2, crossover_BLOQUES, mutacion_A, 0.4, 39, 19.2857, 12.8028, -0.552436, -0.479379, 0.810485, -0.00912149, -0.262435, -0.574501, -0.252224, -0.899978, -0.531149, -0.424907, -0.455189, -0.579399, -0.0653342, -0.0606531, 0.22402, 0.0180936, 0.861688, 0.051226, 0.171821, 0.59625, 0.812185, 0.9659, -0.509132, -0.504889, -0.486886, -0.214826, 0.178075, -0.648352, 0.677776, 0.727281, 0.805633
10, 5, 70, 15, 14, fitness_puntos, seleccion_por_puntaje, 0.2, crossover_BLOQUES, mutacion_A, 0.4, 36, 19.4286, 11.2572, -0.552436, -0.479379, 0.810485, -0.00912149, -0.262435, -0.574501, -0.252224, -0.899978, -0.531149, -0.424907, -0.455189, -0.579399, -0.0653342, -0.0606531, 0.22402, 0.0180936, 0.861688, 0.051226, 0.171821, 0.59625, 0.812185, 0.9659, -0.509132, -0.504889, -0.486886, -0.214826, 0.178075, -0.648352, 0.677776, 0.727281, 0.805633
10, 5, 70, 15, 15, fitness_puntos, seleccion_por_puntaje, 0.2, crossover_BLOQUES, mutacion_A, 0.4, 36, 18.2857, 10.7233, -0.552436, -0.479379, 0.810485, -0.00912149, -0.262435, -0.574501, -0.252224, -0.899978, -0.531149, -0.424907, -0.455189, -0.579399, -0.0653342, -0.0606531, 0.22402, 0.0180936, 0.861688, 0.051226, 0.171821, 0.59625, 0.812185, 0.9659, -0.509132, -0.504889, -0.486886, -0.214826, 0.178075, -0.648352, 0.677776, 0.727281, 0.805633
10, 5, 70, 15, 16, fitness_puntos, seleccion_por_puntaje, 0.2, crossover_BLOQUES, mutacion_A, 0.4, 34, 18.0714, 11.0695, -0.552436, -0.479379, 0.810485, -0.00912149, -0.262435, -0.574501, -0.252224, -0.899978, -0.531149, -0.424907, -0.455189, -0.579399, -0.0653342, -0.0606531, 0.22402, 0.0180936, 0.861688, 0.051226, 0.171821, 0.59625, 0.812185, 0.9659, -0.509132, -0.504889, -0.486886, -0.214826, 0.178075, -0.648352, 0.677776, 0.727281, 0.805633
10, 5, 70, 15, 17, fitness_puntos, seleccion_por_puntaje, 0.2, crossover_BLOQUES, mutacion_A, 0.4, 31, 17.9286, 8.12843, 0.231165, 0.488887, 0.514463, 0.340039, 0.402432, 0.865463, -0.252224, -0.899978, 0.853691, -0.530515, 0.447761, 0.991273, 0.082867, 0.773984, 0.0481693, 0.97667, -0.734709, 0.741438, -0.95108, 0.398195, 0.848779, -0.492222, 0.886645, 0.513966, 0.220353, -0.161882, 0.0195683, -0.648352, 0.677776, 0.727281, 0.805633
10, 5, 70, 15, 18, fitness_puntos, seleccion_por_puntaje, 0.2, crossover_BLOQUES, mutacion_A, 0.4, 36, 18.0714, 9.92638, 0.231165, 0.488887, 0.514463, 0.340039, 0.402432, 0.865463, -0.252224, -0.899978, 0.853691, -0.530515, 0.447761, 0.991273, 0.082867, 0.773984, 0.0481693, 0.97667, -0.734709, 0.741438, -0.95108, 0.398195, 0.848779, -0.492222, 0.886645, 0.513966, 0.220353, -0.161882, 0.0195683, -0.648352, 0.677776, 0.727281, 0.805633
10, 5, 70, 15, 19, fitness_puntos, seleccion_por_puntaje, 0.2, crossover_BLOQUES, mutacion_A, 0.4, 33, 17.5, 9.62968, 0.231165, 0.488887, 0.514463, 0.340039, 0.402432, 0.865463, -0.252224, -0.899978, 0.853691, -0.530515, 0.447761, 0.991273, 0.082867, 0.773984, 0.0481693, 0.97667, -0.734709, 0.741438, -0.95108, 0.398195, 0.848779, -0.492222, 0.886645, 0.513966, 0.220353, -0.161882, 0.0195683, -0.648352, 0.677776, 0.727281, 0.805633
10, 5, 70, 15, 20, fitness_puntos, seleccion_por_puntaje, 0.2, crossover_BLOQUES, mutacion_A, 0.4, 27, 17.6429, 6.40441, 0.347406, 0.68383, 0.363063, -0.817297, -0.0430617, -0.170532, -0.360782, 0.0417606, 0.541286, -0.634423, -0.400933, 0.415148, 0.168961, -0.5736, 0.203981, 0.996044, -0.805321, 0.969644, 0.356713, -0.917614, -0.236237, -0.866569, -0.503274, 0.88872, -0.97175, 0.503792, 0.675051, 0.0372938, 0.231151, 0.420057, 0.250067
10, 5, 70, 15, 21, fitness_puntos, seleccion_por_puntaje, 0.2, crossover_BLOQUES, mutacion_A, 0.4, 32, 18.0714, 9.23592, 0.347406, 0.68383, 0.363063, -0.817297, -0.0430617, -0.170532, -0.360782, 0.0417606, 0.541286, -0.634423, -0.400933, 0.415148, 0.168961, -0.5736, 0.203981, 0.996044, -0.805321, 0.969644, 0.356713, -0.917614, -0.236237, -0.866569, -0.503274, 0.88872, -0.97175, 0.503792, 0.675051, 0.0372938, 0.231151, 0.420057, 0.250067
10, 5, 70, 15, 22, fitness_puntos, seleccion_por_puntaje, 0.2, crossover_BLOQUES, mutacion_A, 0.4, 33, 17.3571, 9.17025, 0.231165, 0.488887, 0.514463, 0.340039, 0.402432, 0.865463, -0.252224, -0.899978, 0.853691, -0.530515, 0.447761, 0.991273, 0.082867, 0.773984, 0.0481693, 0.97667, -0.734709, 0.741438, -0.95108, 0.398195, 0.848779, -0.492222, 0.886645, 0.513966, 0.220353, -0.161882, 0.0195683, -0.326251, 0.738605, 0.00615453, 0.272214
10, 5, 70, 15, 23, fitness_puntos, seleccion_por_puntaje, 0.2, crossover_BLOQUES, mutacion_A, 0.4, 39, 17.6429, 9.09444, 0.231165, 0.488887, 0.514463, 0.340039, 0.402432, 0.865463, -0.252224, -0.899978, 0.853691, -0.530515, 0.447761, 0.991273, 0.082867, 0.773984, 0.0481693, 0.97667, -0.734709, 0.741438, -0.95108, 0.398195, 0.848779, -0.492222, 0.886645, 0.513966, 0.220353, -0.161882, 0.0195683, -0.326251, 0.738605, 0.00615453, 0.272214
10, 5, 70, 15, 24, fitness_puntos, seleccion_por_puntaje, 0.2, crossover_BLOQUES, mutacion_A, 0.4, 36, 18.1429, 9.83602, 0.347406, 0.68383, 0.363063, -0.817297, -0.0430617, -0.170532, -0.360782, 0.0417606, 0.853691, -0.530515, 0.447761, 0.991273, 0.082867, 0.773984, 0.0481693, 0.97667, -0.734709, 0.741438, -0.95108, 0.398195, 0.848779, -0.492222, 0.886645, 0.513966, 0.220353, -0.161882, 0.0195683, 0.0372938, 0.231151, 0.420057, 0.250067
10, 5, 70, 15, 25, fitness_puntos, seleccion_por_puntaje, 0.2, crossover_BLOQUES, mutacion_A, 0.4, 37, 17.7857, 10.743, 0.347406, 0.68383, 0.363063, -0.817297, -0.0430617, -0.170532, -0.360782, 0.0417606, 0.853691, -0.530515, 0.447761, 0.991273, 0.082867, 0.773984, 0.0481693, 0.97667, -0.734709, 0.741438, -0.95108, 0.398195, 0.848779, -0.492222, 0.886645, 0.513966, 0.220353, -0.161882, 0.0195683, 0.0372938, 0.231151, 0.420057, 0.250067
10, 5, 70, 15, 26, fitness_puntos, seleccion_por_puntaje, 0.2, crossover_BLOQUES, mutacion_A, 0.4, 35, 18.1429, 10.582, 0.347406, 0.68383, 0.363063, -0.817297, -0.0430617, -0.170532, -0.360782, 0.0417606, 0.853691, -0.530515, 0.447761, 0.991273, 0.082867, 0.773984, 0.0481693, 0.97667, -0.734709, 0.741438, -0.95108, 0.398195, 0.848779, -0.492222, 0.886645, 0.513966, 0.220353, -0.161882, 0.0195683, 0.0372938, 0.231151, 0.420057, 0.250067
10, 5, 70, 15, 27, fitness_puntos, seleccion_por_puntaje, 0.2, crossover_BLOQUES, mutacion_A, 0.4, 35, 17.7143, 10.4692, 0.347406, 0.68383, 0.363063, -0.817297, -0.0430617, -0.170532, -0.360782, 0.0417606, 0.853691, -0.530515, 0.447761, 0.991273, 0.082867, 0.773984, 0.0481693, 0.97667, -0.734709, 0.741438, -0.95108, 0.398195, 0.848779, -0.492222, 0.886645, 0.513966, 0.220353, -0.161882, 0.0195683, 0.0372938, 0.231151, 0.420057, 0.250067
10, 5, 70, 15, 28, fitness_puntos, seleccion_por_puntaje, 0.2, crossover_BLOQUES, mutacion_A, 0.4, 31, 17.2857, 9.31028, 0.347406, 0.68383, 0.363063, -0.817297, -0.0430617, -0.170532, 0.449107, -0.15078, 0.853691, -0.530515, 0.447761, 0.991273, 0.082867, 0.773984, 0.140018, 0.515047, 0.126896, -0.0792394, 0.896953, -0.0756392, 0.158459, -0.160506, -0.0701599, -0.675948, 0.512197, 0.11177, 0.0195683, -0.327908, 0.231151, 0.420057, 0.250067
10, 5, 70, 15, 29, fitness_puntos, seleccion_por_puntaje, 0.2, crossover_BLOQUES, mutacion_A, 0.4, 33, 17.9286, 10.5573, -0.911725, -0.657043, 0.0724201, 0.376747, -0.712885, -0.667457, 0.449107, -0.15078, -0.190865, -0.31724, -0.177825, -0.497729, -0.381509, 0.697426, 0.140018, 0.515047, 0.126896, -0.0792394, 0.896953, -0.0756392, 0.158459, -0.160506, -0.0701599, -0.675948, 0.512197, 0.11177, 0.072568, -0.327908, 0.829658, 0.293612, 0.909104
